model outputs:-

  
    
  Linear Regration-
     rmse :  4.566444632700409
     MEA : 3.3092871720463064
     r2_score : 0.7441207656576998
  
  Random Forest Regressor-
     rmse :  2.2703175316238218
     MEA : 1.2962892004701276
     r2_score : 0.9367512632879338
